spawns:
  world: world
  x: 1446.0805615175245
  y: 94.0
  z: -521.1254134362811
  yaw: -344.82202
  pitch: 5.5006146
